Webots Project File version 8.4.0
perspectives: 000000ff00000000fd00000002000000010000012e00000245fc0200000001fb0000001400540065007800740045006400690074006f0072000000001b000002450000003e00ffffff0000000300000320000000dafc0100000001fb0000000e0043006f006e0073006f006c00650100000000000003200000005a00ffffff000003200000024500000001000000020000000100000008fc00000000
simulationViewPerspectives: 000000ff000000010000000200000000000001e60100000006010000000100
sceneTreePerspectives: 000000ff0000000100000002000000c0000000990100000006010000000200
minimizedPerspectives: 
maximizedDockId: -1
centralWidgetVisible: 1
orthographicViewHeight: 1
textFiles: -1
renderingDevicePerspectives: 342;1;1;0.034005;0.0391969
